0,478
0,477
0,476
0,475
0,474
0,473
0,472
0,471
0,243
0,470
0,469
0,468
0,467
0,466
0,465
0,464
0,463
0,462
0,461
0,460
0,459
0,458
0,457
0,456
0,455
0,454
0,453
0,452
0,451
0,450
0,449
0,448
0,447
0,446
0,445
0,444
0,443
0,442
0,441
0,440
0,439
0,438
0,437
0,436
0,435
0,434
0,433
0,432
0,431
0,430
0,429
0,428
0,427
40,3
40,2
40,1
40,0
0,426
0,425
0,424
0,423
0,422
0,421
39,3
39,2
39,1
39,0
38,3
38,2
38,1
38,0
0,278
0,420
0,386
37,3
37,2
37,1
37,0
36,52
36,51
36,50
36,49
36,48
36,47
36,46
36,45
36,44
36,43
36,42
36,41
36,40
36,39
36,38
36,37
36,36
36,35
3,2
10,131
10,119
10,85
10,143
10,313
10,289
10,247
10,151
